       Value     Percentile TotalCount 1/(1-Percentile)

         0.0 0.000000000000    1917395           1.00
         1.0 0.100000000000   92482134           1.11
         1.0 0.200000000000   92482134           1.25
         1.0 0.300000000000   92482134           1.43
         1.0 0.400000000000   92482134           1.67
         1.0 0.500000000000   92482134           2.00
         1.0 0.550000000000   92482134           2.22
         1.0 0.600000000000   92482134           2.50
         1.0 0.650000000000   92482134           2.86
         1.0 0.700000000000   92482134           3.33
         1.0 0.750000000000   92482134           4.00
         1.0 0.775000000000   92482134           4.44
         1.0 0.800000000000   92482134           5.00
         1.0 0.825000000000   92482134           5.71
         1.0 0.850000000000   92482134           6.67
         1.0 0.875000000000   92482134           8.00
         1.0 0.887500000000   92482134           8.89
         1.0 0.900000000000   92482134          10.00
         1.0 0.912500000000   92482134          11.43
         1.0 0.925000000000   92482134          13.33
         1.0 0.937500000000   92482134          16.00
         1.0 0.943750000000   92482134          17.78
         1.0 0.950000000000   92482134          20.00
         1.0 0.956250000000   92482134          22.86
         2.0 0.962500000000   95178358          26.67
         2.0 0.968750000000   95178358          32.00
         2.0 0.971875000000   95178358          35.56
         2.0 0.975000000000   95178358          40.00
         2.0 0.978125000000   95178358          45.71
         2.0 0.981250000000   95178358          53.33
         2.0 0.984375000000   95178358          64.00
         2.0 0.985937500000   95178358          71.11
         2.0 0.987500000000   95178358          80.00
         2.0 0.989062500000   95178358          91.43
         3.0 0.990625000000   95539568         106.67
         3.0 0.992187500000   95539568         128.00
         3.0 0.992968750000   95539568         142.22
         4.0 0.993750000000   95681464         160.00
         4.0 0.994531250000   95681464         182.86
         5.0 0.995312500000   95761123         213.33
         7.0 0.996093750000   95852394         256.00
         8.0 0.996484375000   95882444         284.44
         9.0 0.996875000000   95906443         320.00
        12.0 0.997265625000   95957280         365.71
        15.0 0.997656250000   95990701         426.67
        19.0 0.998046875000   96021912         512.00
        22.0 0.998242187500   96039418         568.89
        26.0 0.998437500000   96057815         640.00
        31.0 0.998632812500   96075665         731.43
        39.0 0.998828125000   96099538         853.33
        43.0 0.999023437500   96142722        1024.00
        43.0 0.999121093750   96142722        1137.78
        43.0 0.999218750000   96142722        1280.00
        43.0 0.999316406250   96142722        1462.86
        45.0 0.999414062500   96206981        1706.67
        45.0 1.000000000000   96206981
#[Mean    =          1.1, StdDeviation   =          1.7]
#[Max     =         45.0, Total count    =     96206981]
#[Buckets =           13, SubBuckets     =           32]
