       Value     Percentile TotalCount 1/(1-Percentile)

         0.0 0.000000000000   49230940           1.00
         0.0 0.100000000000   49230940           1.11
         0.0 0.200000000000   49230940           1.25
         0.0 0.300000000000   49230940           1.43
         0.0 0.400000000000   49230940           1.67
         0.0 0.500000000000   49230940           2.00
         1.0 0.550000000000   94520736           2.22
         1.0 0.600000000000   94520736           2.50
         1.0 0.650000000000   94520736           2.86
         1.0 0.700000000000   94520736           3.33
         1.0 0.750000000000   94520736           4.00
         1.0 0.775000000000   94520736           4.44
         1.0 0.800000000000   94520736           5.00
         1.0 0.825000000000   94520736           5.71
         1.0 0.850000000000   94520736           6.67
         1.0 0.875000000000   94520736           8.00
         1.0 0.887500000000   94520736           8.89
         1.0 0.900000000000   94520736          10.00
         1.0 0.912500000000   94520736          11.43
         1.0 0.925000000000   94520736          13.33
         1.0 0.937500000000   94520736          16.00
         1.0 0.943750000000   94520736          17.78
         1.0 0.950000000000   94520736          20.00
         1.0 0.956250000000   94520736          22.86
         1.0 0.962500000000   94520736          26.67
         1.0 0.968750000000   94520736          32.00
         1.0 0.971875000000   94520736          35.56
         1.0 0.975000000000   94520736          40.00
         1.0 0.978125000000   94520736          45.71
         1.0 0.981250000000   94520736          53.33
         2.0 0.984375000000   95672436          64.00
         2.0 0.985937500000   95672436          71.11
         2.0 0.987500000000   95672436          80.00
         2.0 0.989062500000   95672436          91.43
         2.0 0.990625000000   95672436         106.67
         2.0 0.992187500000   95672436         128.00
         2.0 0.992968750000   95672436         142.22
         2.0 0.993750000000   95672436         160.00
         3.0 0.994531250000   95821748         182.86
         3.0 0.995312500000   95821748         213.33
         4.0 0.996093750000   95890622         256.00
         4.0 0.996484375000   95890622         284.44
         5.0 0.996875000000   95933636         320.00
         6.0 0.997265625000   95963941         365.71
         7.0 0.997656250000   95986936         426.67
         9.0 0.998046875000   96020480         512.00
        11.0 0.998242187500   96044957         568.89
        13.0 0.998437500000   96065579         640.00
        14.0 0.998632812500   96075599         731.43
        16.0 0.998828125000   96096054         853.33
        18.0 0.999023437500   96118464        1024.00
        19.0 0.999121093750   96129890        1137.78
        20.0 0.999218750000   96141368        1280.00
        20.0 0.999316406250   96141368        1462.86
        21.0 0.999414062500   96152427        1706.67
        22.0 0.999511718750   96162990        2048.00
        23.0 0.999560546875   96172537        2275.56
        23.0 0.999609375000   96172537        2560.00
        24.0 0.999658203125   96180950        2925.71
        24.0 0.999707031250   96180950        3413.33
        25.0 0.999755859375   96187982        4096.00
        25.0 0.999780273438   96187982        4551.11
        26.0 0.999804687500   96193813        5120.00
        26.0 0.999829101563   96193813        5851.43
        26.0 0.999853515625   96193813        6826.67
        27.0 0.999877929688   96198201        8192.00
        27.0 0.999890136719   96198201        9102.22
        27.0 0.999902343750   96198201       10240.00
        28.0 0.999914550781   96201398       11702.86
        28.0 0.999926757813   96201398       13653.33
        28.0 0.999938964844   96201398       16384.00
        29.0 0.999945068359   96203653       18204.44
        29.0 0.999951171875   96203653       20480.00
        29.0 0.999957275391   96203653       23405.71
        29.0 0.999963378906   96203653       27306.67
        30.0 0.999969482422   96205034       32768.00
        30.0 0.999972534180   96205034       36408.89
        30.0 0.999975585938   96205034       40960.00
        30.0 0.999978637695   96205034       46811.43
        31.0 0.999981689453   96205886       54613.33
        31.0 0.999984741211   96205886       65536.00
        31.0 0.999986267090   96205886       72817.78
        31.0 0.999987792969   96205886       81920.00
        33.0 0.999989318848   96206695       93622.86
        33.0 0.999990844727   96206695      109226.67
        33.0 0.999992370605   96206695      131072.00
        33.0 0.999993133545   96206695      145635.56
        33.0 0.999993896484   96206695      163840.00
        33.0 0.999994659424   96206695      187245.71
        33.0 0.999995422363   96206695      218453.33
        33.0 0.999996185303   96206695      262144.00
        33.0 0.999996566772   96206695      291271.11
        33.0 0.999996948242   96206695      327680.00
        35.0 0.999997329712   96206930      374491.43
        35.0 0.999997711182   96206930      436906.67
        35.0 0.999998092651   96206930      524288.00
        35.0 0.999998283386   96206930      582542.22
        35.0 0.999998474121   96206930      655360.00
        35.0 0.999998664856   96206930      748982.86
        35.0 0.999998855591   96206930      873813.33
        35.0 0.999999046326   96206930     1048576.00
        35.0 0.999999141693   96206930     1165084.44
        35.0 0.999999237061   96206930     1310720.00
        35.0 0.999999332428   96206930     1497965.71
        35.0 0.999999427795   96206930     1747626.67
        37.0 0.999999523163   96206971     2097152.00
        37.0 0.999999570847   96206971     2330168.89
        37.0 0.999999618530   96206971     2621440.00
        37.0 0.999999666214   96206971     2995931.43
        37.0 0.999999713898   96206971     3495253.33
        37.0 0.999999761581   96206971     4194304.00
        37.0 0.999999785423   96206971     4660337.78
        37.0 0.999999809265   96206971     5242880.00
        37.0 0.999999833107   96206971     5991862.86
        37.0 0.999999856949   96206971     6990506.67
        37.0 0.999999880791   96206971     8388608.00
        37.0 0.999999892712   96206971     9320675.55
        39.0 0.999999904633   96206980    10485760.00
        39.0 0.999999916553   96206980    11983725.71
        39.0 0.999999928474   96206980    13981013.34
        39.0 0.999999940395   96206980    16777216.00
        39.0 0.999999946356   96206980    18641351.10
        39.0 0.999999952316   96206980    20971519.98
        39.0 0.999999958277   96206980    23967451.45
        39.0 0.999999964237   96206980    27962026.68
        39.0 0.999999970198   96206980    33554432.00
        39.0 0.999999973178   96206980    37282702.28
        39.0 0.999999976158   96206980    41943039.96
        39.0 0.999999979138   96206980    47934902.91
        39.0 0.999999982119   96206980    55924053.19
        39.0 0.999999985099   96206980    67108864.00
        39.0 0.999999986589   96206980    74565404.57
        39.0 0.999999988079   96206980    83886080.31
        39.0 0.999999989569   96206980    95869805.31
        41.0 0.999999991059   96206981   111848106.39
        41.0 1.000000000000   96206981
#[Mean    =          0.5, StdDeviation   =          1.0]
#[Max     =         41.0, Total count    =     96206981]
#[Buckets =           13, SubBuckets     =           32]
