       Value     Percentile TotalCount 1/(1-Percentile)

         0.0 0.000000000000   47239981           1.00
         0.0 0.100000000000   47239981           1.11
         0.0 0.200000000000   47239981           1.25
         0.0 0.300000000000   47239981           1.43
         0.0 0.400000000000   47239981           1.67
         1.0 0.500000000000   94426382           2.00
         1.0 0.550000000000   94426382           2.22
         1.0 0.600000000000   94426382           2.50
         1.0 0.650000000000   94426382           2.86
         1.0 0.700000000000   94426382           3.33
         1.0 0.750000000000   94426382           4.00
         1.0 0.775000000000   94426382           4.44
         1.0 0.800000000000   94426382           5.00
         1.0 0.825000000000   94426382           5.71
         1.0 0.850000000000   94426382           6.67
         1.0 0.875000000000   94426382           8.00
         1.0 0.887500000000   94426382           8.89
         1.0 0.900000000000   94426382          10.00
         1.0 0.912500000000   94426382          11.43
         1.0 0.925000000000   94426382          13.33
         1.0 0.937500000000   94426382          16.00
         1.0 0.943750000000   94426382          17.78
         1.0 0.950000000000   94426382          20.00
         1.0 0.956250000000   94426382          22.86
         1.0 0.962500000000   94426382          26.67
         1.0 0.968750000000   94426382          32.00
         1.0 0.971875000000   94426382          35.56
         1.0 0.975000000000   94426382          40.00
         1.0 0.978125000000   94426382          45.71
         1.0 0.981250000000   94426382          53.33
         2.0 0.984375000000   95647234          64.00
         2.0 0.985937500000   95647234          71.11
         2.0 0.987500000000   95647234          80.00
         2.0 0.989062500000   95647234          91.43
         2.0 0.990625000000   95647234         106.67
         2.0 0.992187500000   95647234         128.00
         2.0 0.992968750000   95647234         142.22
         2.0 0.993750000000   95647234         160.00
         3.0 0.994531250000   95806427         182.86
         3.0 0.995312500000   95806427         213.33
         4.0 0.996093750000   95879370         256.00
         4.0 0.996484375000   95879370         284.44
         5.0 0.996875000000   95924207         320.00
         6.0 0.997265625000   95955379         365.71
         8.0 0.997656250000   95998343         426.67
        10.0 0.998046875000   96027194         512.00
        11.0 0.998242187500   96038858         568.89
        13.0 0.998437500000   96058855         640.00
        15.0 0.998632812500   96077710         731.43
        17.0 0.998828125000   96097693         853.33
        19.0 0.999023437500   96119221        1024.00
        20.0 0.999121093750   96130579        1137.78
        21.0 0.999218750000   96141959        1280.00
        21.0 0.999316406250   96141959        1462.86
        22.0 0.999414062500   96153106        1706.67
        23.0 0.999511718750   96163671        2048.00
        24.0 0.999560546875   96173195        2275.56
        24.0 0.999609375000   96173195        2560.00
        25.0 0.999658203125   96181673        2925.71
        25.0 0.999707031250   96181673        3413.33
        26.0 0.999755859375   96188826        4096.00
        26.0 0.999780273438   96188826        4551.11
        26.0 0.999804687500   96188826        5120.00
        27.0 0.999829101563   96194531        5851.43
        27.0 0.999853515625   96194531        6826.67
        28.0 0.999877929688   96198774        8192.00
        28.0 0.999890136719   96198774        9102.22
        28.0 0.999902343750   96198774       10240.00
        28.0 0.999914550781   96198774       11702.86
        29.0 0.999926757813   96201904       13653.33
        29.0 0.999938964844   96201904       16384.00
        29.0 0.999945068359   96201904       18204.44
        30.0 0.999951171875   96203962       20480.00
        30.0 0.999957275391   96203962       23405.71
        30.0 0.999963378906   96203962       27306.67
        31.0 0.999969482422   96205343       32768.00
        31.0 0.999972534180   96205343       36408.89
        31.0 0.999975585938   96205343       40960.00
        31.0 0.999978637695   96205343       46811.43
        31.0 0.999981689453   96205343       54613.33
        33.0 0.999984741211   96206538       65536.00
        33.0 0.999986267090   96206538       72817.78
        33.0 0.999987792969   96206538       81920.00
        33.0 0.999989318848   96206538       93622.86
        33.0 0.999990844727   96206538      109226.67
        33.0 0.999992370605   96206538      131072.00
        33.0 0.999993133545   96206538      145635.56
        33.0 0.999993896484   96206538      163840.00
        33.0 0.999994659424   96206538      187245.71
        35.0 0.999995422363   96206894      218453.33
        35.0 0.999996185303   96206894      262144.00
        35.0 0.999996566772   96206894      291271.11
        35.0 0.999996948242   96206894      327680.00
        35.0 0.999997329712   96206894      374491.43
        35.0 0.999997711182   96206894      436906.67
        35.0 0.999998092651   96206894      524288.00
        35.0 0.999998283386   96206894      582542.22
        35.0 0.999998474121   96206894      655360.00
        35.0 0.999998664856   96206894      748982.86
        35.0 0.999998855591   96206894      873813.33
        35.0 0.999999046326   96206894     1048576.00
        37.0 0.999999141693   96206963     1165084.44
        37.0 0.999999237061   96206963     1310720.00
        37.0 0.999999332428   96206963     1497965.71
        37.0 0.999999427795   96206963     1747626.67
        37.0 0.999999523163   96206963     2097152.00
        37.0 0.999999570847   96206963     2330168.89
        37.0 0.999999618530   96206963     2621440.00
        37.0 0.999999666214   96206963     2995931.43
        37.0 0.999999713898   96206963     3495253.33
        37.0 0.999999761581   96206963     4194304.00
        37.0 0.999999785423   96206963     4660337.78
        37.0 0.999999809265   96206963     5242880.00
        39.0 0.999999833107   96206979     5991862.86
        39.0 0.999999856949   96206979     6990506.67
        39.0 0.999999880791   96206979     8388608.00
        39.0 0.999999892712   96206979     9320675.55
        39.0 0.999999904633   96206979    10485760.00
        39.0 0.999999916553   96206979    11983725.71
        39.0 0.999999928474   96206979    13981013.34
        39.0 0.999999940395   96206979    16777216.00
        39.0 0.999999946356   96206979    18641351.10
        39.0 0.999999952316   96206979    20971519.98
        39.0 0.999999958277   96206979    23967451.45
        39.0 0.999999964237   96206979    27962026.68
        39.0 0.999999970198   96206979    33554432.00
        39.0 0.999999973178   96206979    37282702.28
        39.0 0.999999976158   96206979    41943039.96
        39.0 0.999999979138   96206979    47934902.91
        41.0 0.999999982119   96206981    55924053.19
        41.0 1.000000000000   96206981
#[Mean    =          0.6, StdDeviation   =          1.0]
#[Max     =         41.0, Total count    =     96206981]
#[Buckets =           13, SubBuckets     =           32]
